9047.695434033974
9280.463481379931
9092.1537893312
9636.88259162451
9348.70056884153
9064.134984365166
9189.946211278986
9098.18647107869
9268.101255055577
9158.42654318956
9139.354574001174
9138.9621775534
9115.455629573924
9089.770910230744
9066.845809112367
9024.133397830085
8962.77014690127
9001.793422391127
8997.158593140046
9016.771157044323
9034.295350363576
9322.66543899862
9689.763690479616
9201.621007681535
9200.386939846674
9265.129470871183
9281.24354831187
9290.12618684799
9272.683824527494
9215.608464056546
9173.06729923632
9255.08585895405
9256.18283332431
9433.69792307589
9582.494285115641
9202.60192335156
9188.252875534015
9235.716264959721
9271.97918744587
9280.26876171951
9266.96432877933
9253.17476210048
9182.275388793936
9170.830994247453
9135.409974925511
9152.99932455587
9148.336577981425
9171.729320042004
9134.32832680196
9140.233312436536
9096.20685656748
9159.011799229063
9102.02245915498
9076.01841514474
9085.109252974788
9087.50297826137
9102.62225730512
9138.31067771214
9107.61100525391
9153.26492660578
